1 0.06591225071225072 0.6037037037037034 0.13182450142450144 0.6029629629629629
1 0.23641253561253564 0.6488888888888888 0.09369344729344728 0.4770370370370371
1 0.2020945868945869 0.4725925925925925 0.040309971509971516 0.14814814814814817
1 0.39874188034188035 0.47703703703703704 0.034862678062678114 0.19555555555555557
1 0.3524398860398861 0.49629629629629635 0.06645698005698004 0.21925925925925932
1 0.30995099715099717 0.44666666666666666 0.022878632478632498 0.10518518518518519
3 0.5251190883190883 0.48 0.5022404558404558 0.5081481481481481 0.45866210826210824 0.5051851851851852 0.4368729344729345 0.48 0.40963646723646724 0.437037037037037 0.4052786324786325 0.3896296296296296 0.43796239316239316 0.3674074074074074 0.48045128205128207 0.3496296296296296 0.5207612535612536 0.37333333333333335
2 0.47064615384615377 0.9037037037037037 0.40963646723646724 0.4607407407407408 0.06972535612535613 0.40592592592592586 0.0010894586894586895 0.4 0.003268376068376068 0.8992592592592594
4 0.4750039886039886 0.9037037037037037 0.5545344729344729 0.9022222222222223 0.4172626780626781 0.4622222222222222 0.40963646723646724 0.4607407407407408
0 0.9968547008547008 0.9037037037037037 0.5567133903133903 0.9007407407407407 0.41944159544159537 0.4622222222222222 0.4543042735042735 0.5111111111111111 0.5392820512820513 0.47703703703703704 0.9968547008547008 0.6459259259259259
