1 0.8775308641975309 0.7348148148148148 0.09382716049382722 0.46814814814814815
1 0.9785185185185185 0.7133333333333333 0.042962962962962904 0.48148148148148145
1 0.9204938271604939 0.5874074074074075 0.04938271604938265 0.22666666666666666
1 0.8108641975308644 0.6459259259259253 0.057283950617283974 0.31999999999999984
1 0.7590123456790124 0.5792592592592593 0.03851851851851862 0.12444444444444429
1 0.7856790123456792 0.557037037037037 0.03851851851851848 0.1451851851851852
4 0.6133333333333334 0.9985185185185185 0.6804938271604939 0.9925925925925925 0.7358024691358025 0.5748148148148148 0.7239506172839508 0.5748148148148148
2 0.6834567901234568 0.9911111111111112 0.997530864197531 1.0 0.9846913580246914 0.3703703703703704 0.7367901234567902 0.5703703703703704
0 0.0019753086419753087 0.9762962962962963 0.6804938271604939 0.5525925925925926 0.7298765432098766 0.5525925925925926 0.6083950617283951 0.9985185185185185 0.003950617283950617 1.0
3 0.0009876543209876543 0.33333333333333326 0.620246913580247 0.49629629629629624 0.6192592592592593 0.5837037037037037 0.2627160493827161 0.7377777777777778 0.25876543209876546 0.6222222222222222 0.011851851851851853 0.6725925925925926
